<[file][][]
    <[modelmanager][][]
        <[pointer_list_tmcontrol][ControlObjects][]

            // instrument adjust knobs
            <[control_cylinder][AttitudeAdjust][]
                <[string8][Type][knob]>
                <[vector3_float64][R0][0.66082 0.24712 0.67698]>
                <[matrix3_float64][B0][ 0.995227  0.000000 -0.097583   0.000000  1.000000  0.000000   0.097583  0.000000  0.995227  ]>
                <[vector3_float64][Direction][0.9953 0.0000 -0.0971 ]>
                <[float64][StepAngle][0.1]>
                <[control_message][OnRotate][]
                    <[string8][Message][AttitudeAdjust]>
                    <[string8][Qualifiers][step]>
                    <[float64][Value][1.0]>
                >
                <[float64][Radius][0.006]>
                <[float64][Length][0.015]>
            >
            <[control_cylinder][PressureSetting][]
                <[string8][Type][knob]>
                <[vector3_float64][R0][0.66082 0.18862 0.67898]>
                <[matrix3_float64][B0][ 0.995227  0.000000 -0.097583   0.000000  1.000000  0.000000   0.097583  0.000000  0.995227  ]>
                <[vector3_float64][Direction][0.9953 0.0000 -0.0971 ]>
                <[float64][StepAngle][0.1]>
                <[control_message][OnRotate][]
                    <[string8][Message][PressureSetting]>
                    <[string8][Qualifiers][step]>
                    <[float64][Value][1.0]>
                >
                <[float64][Radius][0.006]>
                <[float64][Length][0.015]>
            >
            <[control_cylinder][DirectionalGyroAdjust][]
                <[string8][Type][knob]>
                <[vector3_float64][R0][0.65178 0.27765 0.58957]>
                <[matrix3_float64][B0][ 0.995227  0.000000 -0.097583   0.000000  1.000000  0.000000   0.097583  0.000000  0.995227  ]>
                <[vector3_float64][Direction][0.9953 0.0000 -0.0971 ]>
                <[float64][StepAngle][0.1]>
                <[control_message][OnRotate][]
                    <[string8][Message][DirectionalGyroAdjust]>
                    <[string8][Qualifiers][step]>
                    <[float64][Value][1.0]>
                >
                <[float64][Radius][0.006]>
                <[float64][Length][0.015]>
            >
            <[control_cylinder][OBSKnob][]
                <[string8][Type][knob]>
                <[vector3_float64][R0][0.65178 0.09715 0.58857]>
                <[matrix3_float64][B0][ 0.995227  0.000000 -0.097583   0.000000  1.000000  0.000000   0.097583  0.000000  0.995227  ]>
                <[vector3_float64][Direction][0.9953 0.0000 -0.0971 ]>
                <[float64][StepAngle][0.1]>
                <[control_message][OnRotate][]
                    <[string8][Message][Navigation.SelectedCourse1]>
                    <[string8][Qualifiers][step]>
                    <[float64][Value][-1.0]>
                >
                <[float64][Radius][0.007]>
                <[float64][Length][0.015]>
            >

            // panel lighting
            <[control_cylinder][DimKnobInstruments][]
                <[string8][Type][knob]>
                <[vector3_float64][R0][0.64596 -0.06779 0.51835]>
                <[matrix3_float64][B0][ 0.995227  0.000000 -0.097583   0.000000  1.000000  0.000000   0.097583  0.000000  0.995227  ]>
                <[vector3_float64][Direction][0.9953 0.0000 -0.0971 ]>
                <[float64][StepAngle][0.22]>
                <[control_message][OnRotate][]
                    <[string8][Message][Controls.Lighting.Instruments]>
                    <[string8][Qualifiers][step]>
                    <[float64][Value][1.0]>
                >
                <[float64][Radius][0.006]>
                <[float64][Length][0.015]>
            >
            <[control_cylinder][DimKnobPanel][]
                <[string8][Type][knob]>
                <[vector3_float64][R0][0.64596 -0.03266 0.51835]>
                <[matrix3_float64][B0][ 0.995227  0.000000 -0.097583   0.000000  1.000000  0.000000   0.097583  0.000000  0.995227  ]>
                <[vector3_float64][Direction][0.9953 0.0000 -0.0971 ]>
                <[float64][StepAngle][0.22]>
                <[control_message][OnRotate][]
                    <[string8][Message][Controls.Lighting.Panel]>
                    <[string8][Qualifiers][step]>
                    <[float64][Value][1.0]>
                >
                <[float64][Radius][0.006]>
                <[float64][Length][0.015]>
            >

            // intercom
            <[control_cylinder][IntercomSquelch][]
                <[string8][Type][knob]>
                <[vector3_float64][R0][ 0.6461 0.08829 0.53485 ]>
                <[matrix3_float64][B0][ 0.995227  0.000000 -0.097583   0.000000  1.000000  0.000000   0.097583  0.000000  0.995227  ]>
                <[vector3_float64][Direction][0.9953 0.0000 -0.0971 ]>
                <[float64][StepAngle][0.22]>
                <[control_message][OnRotate][]
                    <[string8][Message][Intercom.Squelch]>
                    <[string8][Qualifiers][step]>
                    <[float64][Value][1.0]>
                >
                <[float64][Radius][0.006]>
                <[float64][Length][0.013]>
            >
            <[control_cylinder][IntercomIsoAll][]
                <[string8][Type][switch toggle]>
                <[vector3_float64][R0][ 0.649 0.0691 0.53 ]>
                <[matrix3_float64][B0][ 0.995227  0.000000 -0.097583   0.000000  1.000000  0.000000   0.097583  0.000000  0.995227  ]>
                <[vector3_float64][Direction][0.0971 0.0000 0.9953]>
                <[float64][StepDistance][0.005]>
                <[control_message][OnStep][]
                    <[string8][Message][Intercom.IsolationAll]>
                    <[string8][Qualifiers][step]>
                    <[float64][Value][-1.0]>
                >
                <[float64][Radius][0.002]>
                <[float64][Length][0.008]>
            >
            <[control_cylinder][IntercomIsoAllBase][]
                <[string8][Type][switch toggle base]>
                <[vector3_float64][R0][ 0.652 0.0691 0.53 ]>
                <[matrix3_float64][B0][ 0.995227  0.000000 -0.097583   0.000000  1.000000  0.000000   0.097583  0.000000  0.995227  ]>
                <[vector3_float64][Direction][0.0971 0.0000 0.9953]>
                <[control_message][OnStep][]
                    <[string8][Message][Intercom.IsolationAll]>
                    <[string8][Qualifiers][step]>
                    <[float64][Value][-1.0]>
                >
                <[float64][Radius][0.006]>
                <[float64][Length][0.002]>
            >
            <[control_cylinder][IntercomVolume][]
                <[string8][Type][knob]>
                <[vector3_float64][R0][ 0.6461 0.04873 0.53485 ]>
                <[matrix3_float64][B0][ 0.995227  0.000000 -0.097583   0.000000  1.000000  0.000000   0.097583  0.000000  0.995227  ]>
                <[vector3_float64][Direction][0.9953 0.0000 -0.0971 ]>
                <[float64][StepAngle][0.22]>
                <[control_message][OnRotate][]
                    <[string8][Message][Intercom.Volume]>
                    <[string8][Qualifiers][step]>
                    <[float64][Value][1.0]>
                >
                <[float64][Radius][0.006]>
                <[float64][Length][0.013]>
            >

            // gps
            <[control_cylinder][GPSOnOff][]
                <[string8][Type][button]>
                <[vector3_float64][R0][0.6553571 -0.1437582 0.6630602]>
                <[matrix3_float64][B0][ 0.995227  0.000000 -0.097583   0.000000  1.000000  0.000000   0.097583  0.000000  0.995227  ]>
                <[vector3_float64][Direction][0.9953 0.0000 -0.0971 ]>
                <[control_message][OnPush][]
                    <[string8][Message][GPS.OnOff]>
                    <[string8][Qualifiers][toggle]>
                    <[float64][Value][1.0]>
                >
                <[float64][Radius][0.0035]>
                <[float64][Length][0.005]>
            >
            <[control_cylinder][GPSDirectTo][]
                <[string8][Type][button]>
                <[vector3_float64][R0][0.6553571 -0.1582039 0.6630602]>
                <[matrix3_float64][B0][ 0.995227  0.000000 -0.097583   0.000000  1.000000  0.000000   0.097583  0.000000  0.995227  ]>
                <[vector3_float64][Direction][0.9953 0.0000 -0.0971 ]>
                <[control_message][OnPush][]
                    <[string8][Message][GPS.DirectTo]>
                    <[string8][Qualifiers][event]>
                    <[float64][Value][1.0]>
                >
                <[float64][Radius][0.0035]>
                <[float64][Length][0.005]>
            >
            <[control_cylinder][GPSZoomIn][]
                <[string8][Type][button]>
                <[vector3_float64][R0][0.6599216 -0.1660346 0.7111191]>
                <[matrix3_float64][B0][ 0.995227  0.000000 -0.097583   0.000000  1.000000  0.000000   0.097583  0.000000  0.995227  ]>
                <[vector3_float64][Direction][0.9953 0.0000 -0.0971 ]>
                <[control_message][OnPush][]
                    <[string8][Message][GPS.Zoom]>
                    <[string8][Qualifiers][step]>
                    <[float64][Value][-1.0]>
                >
                <[float64][Radius][0.0035]>
                <[float64][Length][0.005]>
            >
            <[control_cylinder][GPSZoomOut][]
                <[string8][Type][button]>
                <[vector3_float64][R0][0.6609783 -0.1660346 0.7221698]>
                <[matrix3_float64][B0][ 0.995227  0.000000 -0.097583   0.000000  1.000000  0.000000   0.097583  0.000000  0.995227  ]>
                <[vector3_float64][Direction][0.9953 0.0000 -0.0971 ]>
                <[control_message][OnPush][]
                    <[string8][Message][GPS.Zoom]>
                    <[string8][Qualifiers][step]>
                    <[float64][Value][1.0]>
                >
                <[float64][Radius][0.0035]>
                <[float64][Length][0.005]>
            >
            <[control_cylinder][GPSNearest][]
                <[string8][Type][button]>
                <[vector3_float64][R0][ 0.6562831 -0.168686 0.6705606 ]>
                <[matrix3_float64][B0][ 0.995227  0.000000 -0.097583   0.000000  1.000000  0.000000   0.097583  0.000000  0.995227  ]>
                <[vector3_float64][Direction][0.9953 0.0000 -0.0971 ]>
                <[control_message][OnPush][]
                    <[string8][Message][GPS.Nearest]>
                    <[string8][Qualifiers][event]>
                    <[float64][Value][1.0]>
                >
                <[float64][Radius][0.0045]>
                <[float64][Length][0.005]>
            >
            <[control_cylinder][GPSMenu][]
                <[string8][Type][button]>
                <[vector3_float64][R0][ 0.6565703 -0.1514553 0.673565 ]>
                <[matrix3_float64][B0][ 0.995227  0.000000 -0.097583   0.000000  1.000000  0.000000   0.097583  0.000000  0.995227  ]>
                <[vector3_float64][Direction][0.9953 0.0000 -0.0971 ]>
                <[control_message][OnPush][]
                    <[string8][Message][GPS.Menu]>
                    <[string8][Qualifiers][event]>
                    <[float64][Value][1.0]>
                >
                <[float64][Radius][0.0045]>
                <[float64][Length][0.005]>
            >
            <[control_cylinder][GPSEnterMark][]
                <[string8][Type][button]>
                <[vector3_float64][R0][ 0.6577584 -0.1430113 0.6859879 ]>
                <[matrix3_float64][B0][ 0.995227  0.000000 -0.097583   0.000000  1.000000  0.000000   0.097583  0.000000  0.995227  ]>
                <[vector3_float64][Direction][0.9953 0.0000 -0.0971 ]>
                <[control_message][OnPush][]
                    <[string8][Message][GPS.EnterMark]>
                    <[string8][Qualifiers][event]>
                    <[float64][Value][1.0]>
                >
                <[float64][Radius][0.0045]>
                <[float64][Length][0.005]>
            >
            <[control_cylinder][GPSQuit][]
                <[string8][Type][button]>
                <[vector3_float64][R0][ 0.6592815 -0.1426876 0.7019145 ]>
                <[matrix3_float64][B0][ 0.995227  0.000000 -0.097583   0.000000  1.000000  0.000000   0.097583  0.000000  0.995227  ]>
                <[vector3_float64][Direction][0.9953 0.0000 -0.0971 ]>
                <[control_message][OnPush][]
                    <[string8][Message][GPS.Quit]>
                    <[string8][Qualifiers][event]>
                    <[float64][Value][1.0]>
                >
                <[float64][Radius][0.0045]>
                <[float64][Length][0.005]>
            >
            <[control_cylinder][GPSPageMode][]
                <[string8][Type][button]>
                <[vector3_float64][R0][ 0.6605332 -0.1511167 0.7150042 ]>
                <[matrix3_float64][B0][ 0.995227  0.000000 -0.097583   0.000000  1.000000  0.000000   0.097583  0.000000  0.995227  ]>
                <[vector3_float64][Direction][0.9953 0.0000 -0.0971 ]>
                <[control_message][OnPush][]
                    <[string8][Message][GPS.PageMode]>
                    <[string8][Qualifiers][event]>
                    <[float64][Value][1.0]>
                >
                <[float64][Radius][0.0045]>
                <[float64][Length][0.005]>
            >
            <[control_cylinder][GPSCursorLeft][]
                <[string8][Type][button]>
                <[vector3_float64][R0][ 0.657 -0.156 0.6936 ]>
                <[matrix3_float64][B0][ 0.995227  0.000000 -0.097583   0.000000  1.000000  0.000000   0.097583  0.000000  0.995227  ]>
                <[vector3_float64][Direction][0.9953 0.0000 -0.0971 ]>
                <[control_message][OnPush][]
                    <[string8][Message][GPS.CursorLeft]>
                    <[string8][Qualifiers][event]>
                    <[float64][Value][1.0]>
                >
                <[float64][Radius][0.0044]>
                <[float64][Length][0.003]>
            >
            <[control_cylinder][GPSCursorRight][]
                <[string8][Type][button]>
                <[vector3_float64][R0][ 0.657 -0.168 0.6936 ]>
                <[matrix3_float64][B0][ 0.995227  0.000000 -0.097583   0.000000  1.000000  0.000000   0.097583  0.000000  0.995227  ]>
                <[vector3_float64][Direction][0.9953 0.0000 -0.0971 ]>
                <[control_message][OnPush][]
                    <[string8][Message][GPS.CursorRight]>
                    <[string8][Qualifiers][event]>
                    <[float64][Value][1.0]>
                >
                <[float64][Radius][0.0044]>
                <[float64][Length][0.003]>
            >
            <[control_cylinder][GPSCursorUp][]
                <[string8][Type][button]>
                <[vector3_float64][R0][ 0.6575 -0.162 0.7 ]>
                <[matrix3_float64][B0][ 0.995227  0.000000 -0.097583   0.000000  1.000000  0.000000   0.097583  0.000000  0.995227  ]>
                <[vector3_float64][Direction][0.9953 0.0000 -0.0971 ]>
                <[control_message][OnPush][]
                    <[string8][Message][GPS.CursorUp]>
                    <[string8][Qualifiers][event]>
                    <[float64][Value][1.0]>
                >
                <[float64][Radius][0.0044]>
                <[float64][Length][0.003]>
            >
            <[control_cylinder][GPSCursorDown][]
                <[string8][Type][button]>
                <[vector3_float64][R0][ 0.656 -0.162 0.687 ]>
                <[matrix3_float64][B0][ 0.995227  0.000000 -0.097583   0.000000  1.000000  0.000000   0.097583  0.000000  0.995227  ]>
                <[vector3_float64][Direction][0.9953 0.0000 -0.0971 ]>
                <[control_message][OnPush][]
                    <[string8][Message][GPS.CursorDown]>
                    <[string8][Qualifiers][event]>
                    <[float64][Value][1.0]>
                >
                <[float64][Radius][0.0044]>
                <[float64][Length][0.003]>
            >

            // elt
            <[control_cylinder][ELTOn][]
                <[string8][Type][button]>
                <[vector3_float64][R0][ 0.66414 -0.32938 0.61723 ]>
                <[matrix3_float64][B0][ 0.995227  0.000000 -0.097583   0.000000  1.000000  0.000000   0.097583  0.000000  0.995227  ]>
                <[vector3_float64][Direction][0.9953 0.0000 -0.0971 ]>
                <[control_message][OnPush][]
                    <[string8][Message][ELT.On]>
                    <[string8][Qualifiers][value]>
                    <[float64][Value][1.0]>
                >
                <[float64][Radius][0.002]>
                <[float64][Length][0.003]>
            >
            <[control_cylinder][ELTReset][]
                <[string8][Type][button]>
                <[vector3_float64][R0][ 0.66414 -0.35223 0.61723 ]>
                <[matrix3_float64][B0][ 0.995227  0.000000 -0.097583   0.000000  1.000000  0.000000   0.097583  0.000000  0.995227  ]>
                <[vector3_float64][Direction][0.9953 0.0000 -0.0971 ]>
                <[control_message][OnPush][]
                    <[string8][Message][ELT.Reset]>
                    <[string8][Qualifiers][event]>
                    <[float64][Value][1.0]>
                >
                <[float64][Radius][0.002]>
                <[float64][Length][0.003]>
            >

            // com, nav
            <[control_cylinder][COM1Volume][]
                <[string8][Type][knob]>
                <[vector3_float64][R0][0.6477468 -0.02987384 0.595]>
                <[matrix3_float64][B0][ 0.995227  0.000000 -0.097583   0.000000  1.000000  0.000000   0.097583  0.000000  0.995227  ]>
                <[vector3_float64][Direction][0.9953 0.0000 -0.0971 ]>
                <[float64][StepAngle][0.22]>
                <[control_message][OnPush][]
                    <[string8][Message][Communication.COM1Test]>
                    <[string8][Qualifiers][value]>
                    <[float64][Value][0.0]>
                >
                <[control_message][OnPull][]
                    <[string8][Message][Communication.COM1Test]>
                    <[string8][Qualifiers][value]>
                    <[float64][Value][1.0]>
                >
                <[control_message][OnRotate][]
                    <[string8][Message][Communication.COM1Volume]>
                    <[string8][Qualifiers][step]>
                    <[float64][Value][1.0]>
                >
                <[float64][Radius][0.005]>
                <[float64][Length][0.01]>
            >
            <[control_cylinder][COM1StandbyFrequencySmall][]
                <[string8][Type][knob]>
                <[vector3_float64][R0][0.63538 -0.06793 0.59602]>
                <[matrix3_float64][B0][ 0.995227  0.000000 -0.097583   0.000000  1.000000  0.000000   0.097583  0.000000  0.995227  ]>
                <[vector3_float64][Direction][0.9953 0.0000 -0.0971 ]>
                <[float64][StepAngle][0.1]>
                <[control_message][OnPush][]
                    <[string8][Message][Communication.COM1Pull25K]>
                    <[string8][Qualifiers][value]>
                    <[float64][Value][0.0]>
                >
                <[control_message][OnPull][]
                    <[string8][Message][Communication.COM1Pull25K]>
                    <[string8][Qualifiers][value]>
                    <[float64][Value][1.0]>
                >
                <[control_message][OnRotate][]
                    <[string8][Message][Communication.COM1StandbyFrequency]>
                    <[string8][Qualifiers][step]>
                    <[float64][Value][1.0]>
                >
                <[float64][Radius][0.0055]>
                <[float64][Length][0.009]>
            >
            <[control_cylinder][COM1StandbyFrequencyLarge][]
                <[string8][Type][knob]>
                <[vector3_float64][R0][0.64788 -0.06803 0.59472]>
                <[matrix3_float64][B0][ 0.995227  0.000000 -0.097583   0.000000  1.000000  0.000000   0.097583  0.000000  0.995227  ]>
                <[vector3_float64][Direction][0.9953 0.0000 -0.0971 ]>
                <[float64][StepAngle][0.1]>
                <[control_message][OnRotate][]
                    <[string8][Message][Communication.COM1StandbyFrequency]>
                    <[string8][Qualifiers][step]>
                    <[float64][Value][40.0]>
                >
                <[float64][Radius][0.008]>
                <[float64][Length][0.014]>
            >
            <[control_box][COM1FrequencySwap][]
                <[string8][Type][button]>
                <[vector3_float64][R0][0.65638 -0.01543 0.6205]>
                <[matrix3_float64][B0][ 0.995227  0.000000 -0.097583   0.000000  1.000000  0.000000   0.097583  0.000000  0.995227  ]>
                <[vector3_float64][Direction][0.9953 0.0000 -0.0971 ]>
                <[control_message][OnPush][]
                    <[string8][Message][Communication.COM1FrequencySwap]>
                    <[string8][Qualifiers][toggle]>
                    <[float64][Value][1.0]>
                >
                <[vector3_float64][Dimensions][0.004 0.006 0.009]>
            >

            <[control_box][OBS1ModeButton][]
                <[string8][Type][button]>
                <[vector3_float64][R0][0.6518329 -0.09903306 0.595]>
                <[matrix3_float64][B0][ 0.995227  0.000000 -0.097583   0.000000  1.000000  0.000000   0.097583  0.000000  0.995227  ]>
                <[vector3_float64][Direction][0.9953 0.0000 -0.0971 ]>
                <[control_message][OnPush][]
                    <[string8][Message][Navigation.OBS1Mode]>
                    <[string8][Qualifiers][event]>
                    <[float64][Value][1.0]>
                >
                <[vector3_float64][Dimensions][0.004 0.01 0.005]>
            >

            <[control_cylinder][NAV1Volume][]
                <[string8][Type][knob]>
                <[vector3_float64][R0][0.6477468 -0.129219 0.595]>
                <[matrix3_float64][B0][ 0.995227  0.000000 -0.097583   0.000000  1.000000  0.000000   0.097583  0.000000  0.995227  ]>
                <[vector3_float64][Direction][0.9953 0.0000 -0.0971 ]>
                <[float64][StepAngle][0.22]>
                <[control_message][OnPush][]
                    <[string8][Message][Navigation.NAV1Ident]>
                    <[string8][Qualifiers][value]>
                    <[float64][Value][0.0]>
                >
                <[control_message][OnPull][]
                    <[string8][Message][Navigation.NAV1Ident]>
                    <[string8][Qualifiers][value]>
                    <[float64][Value][1.0]>
                >
                <[control_message][OnRotate][]
                    <[string8][Message][Navigation.NAV1Volume]>
                    <[string8][Qualifiers][step]>
                    <[float64][Value][1.0]>
                >
                <[float64][Radius][0.005]>
                <[float64][Length][0.01]>
            >
            <[control_cylinder][NAV1StandbyFrequencySmall][]
                <[string8][Type][knob]>
                <[vector3_float64][R0][0.63538 -0.16843 0.59752]>
                <[matrix3_float64][B0][ 0.995227  0.000000 -0.097583   0.000000  1.000000  0.000000   0.097583  0.000000  0.995227  ]>
                <[vector3_float64][Direction][0.9953 0.0000 -0.0971 ]>
                <[float64][StepAngle][0.1]>
                <[control_message][OnPush][]
                    <[string8][Message][Navigation.NAV1PullOBS]>
                    <[string8][Qualifiers][value]>
                    <[float64][Value][0.0]>
                >
                <[control_message][OnPull][]
                    <[string8][Message][Navigation.NAV1PullOBS]>
                    <[string8][Qualifiers][value]>
                    <[float64][Value][1.0]>
                >
                <[control_message][OnRotate][]
                    <[string8][Message][Navigation.NAV1StandbyFrequency]>
                    <[string8][Qualifiers][step]>
                    <[float64][Value][1.0]>
                >
                <[float64][Radius][0.0055]>
                <[float64][Length][0.009]>
            >
            <[control_cylinder][NAV1StandbyFrequencyLarge][]
                <[string8][Type][knob]>
                <[vector3_float64][R0][0.64788 -0.16843 0.59652]>
                <[matrix3_float64][B0][ 0.995227  0.000000 -0.097583   0.000000  1.000000  0.000000   0.097583  0.000000  0.995227  ]>
                <[vector3_float64][Direction][0.9953 0.0000 -0.0971 ]>
                <[float64][StepAngle][0.1]>
                <[control_message][OnRotate][]
                    <[string8][Message][Navigation.NAV1StandbyFrequency]>
                    <[string8][Qualifiers][step]>
                    <[float64][Value][20.0]>
                >
                <[float64][Radius][0.008]>
                <[float64][Length][0.014]>
            >
            <[control_box][NAV1FrequencySwap][]
                <[string8][Type][button]>
                <[vector3_float64][R0][0.65638 -0.18193 0.6205]>
                <[matrix3_float64][B0][ 0.995227  0.000000 -0.097583   0.000000  1.000000  0.000000   0.097583  0.000000  0.995227  ]>
                <[vector3_float64][Direction][0.9953 0.0000 -0.0971 ]>
                <[control_message][OnPush][]
                    <[string8][Message][Navigation.NAV1FrequencySwap]>
                    <[string8][Qualifiers][toggle]>
                    <[float64][Value][1.0]>
                >
                <[vector3_float64][Dimensions][0.004 0.006 0.009]>
            >

            // transponder
            <[control_cylinder][TransponderMode][]
                <[string8][Type][knob]>
                <[vector3_float64][R0][0.6447735 -0.02812358 0.5610586]>
                <[matrix3_float64][B0][ 0.995227  0.000000 -0.097583   0.000000  1.000000  0.000000   0.097583  0.000000  0.995227  ]>
                <[vector3_float64][Direction][0.9953 0.0000 -0.0971 ]>
                <[float64][StepAngle][0.4]>
                <[control_message][OnRotate][]
                    <[string8][Message][Communication.TransponderMode]>
                    <[string8][Qualifiers][step]>
                    <[float64][Value][1.0]>
                >
                <[float64][Radius][0.006]>
                <[float64][Length][0.012]>
            >
            <[control_box][TransponderSelect][]
                <[string8][Type][button]>
                <[vector3_float64][R0][0.6554078 -0.0661111 0.5668428]>
                <[matrix3_float64][B0][ 0.995227  0.000000 -0.097583   0.000000  1.000000  0.000000   0.097583  0.000000  0.995227  ]>
                <[vector3_float64][Direction][0.9953 0.0000 -0.0971 ]>
                <[control_message][OnPush][]
                    <[string8][Message][Communication.TransponderSelect]>
                    <[string8][Qualifiers][event]>
                    <[float64][Value][1.0]>
                >
                <[vector3_float64][Dimensions][0.004 0.013 0.007]>
            >
            <[control_box][TransponderStore][]
                <[string8][Type][button]>
                <[vector3_float64][R0][0.6554078 -0.088477 0.5668428]>
                <[matrix3_float64][B0][ 0.995227  0.000000 -0.097583   0.000000  1.000000  0.000000   0.097583  0.000000  0.995227  ]>
                <[vector3_float64][Direction][0.9953 0.0000 -0.0971 ]>
                <[control_message][OnPush][]
                    <[string8][Message][Communication.TransponderStore]>
                    <[string8][Qualifiers][event]>
                    <[float64][Value][1.0]>
                >
                <[vector3_float64][Dimensions][0.004 0.013 0.007]>
            >
            <[control_box][TransponderVFR][]
                <[string8][Type][button]>
                <[vector3_float64][R0][0.6554078 -0.0661111 0.5543104]>
                <[matrix3_float64][B0][ 0.995227  0.000000 -0.097583   0.000000  1.000000  0.000000   0.097583  0.000000  0.995227  ]>
                <[vector3_float64][Direction][0.9953 0.0000 -0.0971 ]>
                <[control_message][OnPush][]
                    <[string8][Message][Communication.TransponderVFR]>
                    <[string8][Qualifiers][event]>
                    <[float64][Value][1.0]>
                >
                <[vector3_float64][Dimensions][0.004 0.013 0.007]>
            >
            <[control_box][TransponderIdent][]
                <[string8][Type][button]>
                <[vector3_float64][R0][0.6554078 -0.08830713 0.5543104]>
                <[matrix3_float64][B0][ 0.995227  0.000000 -0.097583   0.000000  1.000000  0.000000   0.097583  0.000000  0.995227  ]>
                <[vector3_float64][Direction][0.9953 0.0000 -0.0971 ]>
                <[control_message][OnPush][]
                    <[string8][Message][Communication.TransponderIdent]>
                    <[string8][Qualifiers][event]>
                    <[float64][Value][1.0]>
                >
                <[vector3_float64][Dimensions][0.004 0.013 0.007]>
            >
            <[control_cylinder][TransponderSetKnob][]
                <[string8][Type][knob]>
                <[vector3_float64][R0][ 0.639512 -0.17015 0.56146 ]>
                <[matrix3_float64][B0][ 0.995227  0.000000 -0.097583   0.000000  1.000000  0.000000   0.097583  0.000000  0.995227  ]>
                <[vector3_float64][Direction][0.9953 0.0000 -0.0971 ]>
                <[float64][StepAngle][0.2]>
                <[control_message][OnPush][]
                    <[string8][Message][Communication.TransponderCursor]>
                    <[string8][Qualifiers][step]>
                    <[float64][Value][1.0]>
                >
                <[control_message][OnRotate][]
                    <[string8][Message][Communication.TransponderDigit]>
                    <[string8][Qualifiers][step]>
                    <[float64][Value][1.0]>
                >
                <[float64][Radius][0.007]>
                <[float64][Length][0.02]>
            >

//            <[control_cylinder][ThrottleHideRight][]
//                <[string8][Type][button]>
//                <[vector3_float64][R0][0.6620331 0.01171171 0.6198605]>
//                <[matrix3_float64][B0][ 1.0 0.0 0.0  0.0 1.0 0.0  0.0 0.0 1.0 ]>
//                <[vector3_float64][Direction][ 1.0 0.0 0.0 ]>
//                <[control_message][OnPush][]
//                    <[string8][Message][Controls.ThrottleHideRight]>
//                    <[string8][Qualifiers][toggle]>
//                    <[float64][Value][1.0]>
//                >
//                <[float64][Radius][0.01]>
//                <[float64][Length][0.005]>
//            >
            <[control_input][BannerHookInput][]
                <[uint32][InputID][BannerHookReleased.Output]>
                <[float64][Scaling][0.015]>
            >
            <[control_sum][BannerHookOffset][]
                <[uint32][Inputs][BannerHookInput.Output 0.005]>
            >
            <[control_translation][BannerHookTranslation][]
                <[string8][Input][BannerHookOffset.Output]>
                <[tmvector3d][Axis][ -0.9944026 0.01480581 0.1046144 ]>
            >
            <[control_cylinder][BannerHookRelease][]
                <[string8][Type][button]>
                <[vector3_float64][R0][0.6371657 0.4296653 0.5422947]>
                <[matrix3_float64][B0][ 0.120018  0.173648  0.977467  -0.021162  0.984808 -0.172354  -0.992546  0.000000  0.121869  ]>
                <[string8][InputTransform][BannerHookTranslation.Output]>
                <[vector3_float64][Direction][ -0.9944026 0.01480581 0.1046144 ]>
                <[control_message][OnPush][]
                    <[string8][Message][Controls.BannerHookRelease]>
                    <[string8][Qualifiers][event]>
                    <[float64][Value][1.0]>
                >
                <[float64][Radius][0.006]>
                <[float64][Length][0.06]>
            >
            <[control_cylinder][BannerHookReleaseBase][]
                <[string8][Type][button base]>
                <[vector3_float64][R0][ 0.654 0.4280653 0.538 ]>
                <[matrix3_float64][B0][ 0.995227  0.000000 -0.097583   0.000000  1.000000  0.000000   0.097583  0.000000  0.995227  ]>
                <[control_message][OnPush][]
                    <[string8][Message][Controls.BannerHookRelease]>
                    <[string8][Qualifiers][event]>
                    <[float64][Value][1.0]>
                >
                <[float64][Radius][0.016]>
                <[float64][Length][0.002]>
            >

            // switching panel
            <[control_cylinder][LeftLandingLightSwitch][]
                <[string8][Type][button]>
                <[vector3_float64][R0][ 0.63847 0.43295 0.46656]>
                <[matrix3_float64][B0][0.931564 0 -0.363576 0 1 0 0.363576 0 0.931564]>
                <[vector3_float64][Direction][0.931564 0 -0.363576]>
                <[control_message][OnPush][]
                    <[string8][Message][Controls.Lighting.Landing.Left]>
                    <[string8][Qualifiers][value]>
                    <[float64][Value][1.0]>
                >
                <[float64][Radius][0.004]>
                <[float64][Length][0.003]>
            >
            <[control_cylinder][LeftLandingLightSwitchLower][]
                <[string8][Type][button]>
                <[vector3_float64][R0][0.6337159 0.43415 0.4470407]>
                <[matrix3_float64][B0][0.931564 0 -0.363576 0 1 0 0.363576 0 0.931564]>
                <[vector3_float64][Direction][0.931564 0 -0.363576]>
                <[control_message][OnPush][]
                    <[string8][Message][Controls.Lighting.Landing.Left]>
                    <[string8][Qualifiers][value]>
                    <[float64][Value][0.0]>
                >
                <[float64][Radius][0.003]>
                <[float64][Length][0.003]>
            >
            <[control_cylinder][RightLandingLightSwitch][]
                <[string8][Type][button]>
                <[vector3_float64][R0][ 0.63847 0.41287 0.46656 ]>
                <[matrix3_float64][B0][0.931564 0 -0.363576 0 1 0 0.363576 0 0.931564]>
                <[vector3_float64][Direction][0.931564 0 -0.363576]>
                <[control_message][OnPush][]
                    <[string8][Message][Controls.Lighting.Landing.Right]>
                    <[string8][Qualifiers][value]>
                    <[float64][Value][1.0]>
                >
                <[float64][Radius][0.004]>
                <[float64][Length][0.003]>
            >
            <[control_cylinder][RightLandingLightSwitchLower][]
                <[string8][Type][button]>
                <[vector3_float64][R0][0.6337159 0.41315 0.4470407]>
                <[matrix3_float64][B0][0.931564 0 -0.363576 0 1 0 0.363576 0 0.931564]>
                <[vector3_float64][Direction][0.931564 0 -0.363576]>
                <[control_message][OnPush][]
                    <[string8][Message][Controls.Lighting.Landing.Right]>
                    <[string8][Qualifiers][value]>
                    <[float64][Value][0.0]>
                >
                <[float64][Radius][0.003]>
                <[float64][Length][0.003]>
            >

            <[control_input][MagnetosInput][]
                <[uint32][InputID][Magnetos.Output]>
            >
            <[control_product][MagnetosAngle][]
                <[uint32][Inputs][ MagnetosInput.Output 0.53 ]>
            >
            <[control_rotation][MagnetosRotation][]
                <[string8][Input][MagnetosAngle.Output]>
                <[tmvector3d][Axis][ 0.913545 0.0 -0.406737 ]>
                <[tmvector3d][Pivot][0.6243509 0.254497 0.4665433]>
            >
            <[control_cylinder][Magnetos][]
                <[string8][Type][knob]>
                <[vector3_float64][R0][ 0.6182996 0.2558335 0.4704494 ]>
                <[matrix3_float64][B0][ 0.311578 -0.642788  0.699816   0.261445  0.766044  0.587216  -0.913545  0.000000  0.406737  ]>
                <[vector3_float64][Direction][ 0.913545 0.0 -0.406737 ]>
                <[string8][InputTransform][MagnetosRotation.Output]>
                <[float64][StepAngle][0.4]>
                <[control_message][OnRotate][]
                    <[string8][Message][Controls.Magnetos1]>
                    <[string8][Qualifiers][step]>
                    <[float64][Value][1.0]>
                >
                <[float64][Radius][0.012]>
                <[float64][Length][0.002]>
            >
            <[control_cylinder][Magnetos Base][]
                <[string8][Type][knob base]>
                <[vector3_float64][R0][ 0.6368653 0.2546709 0.4616407 ]>
                <[matrix3_float64][B0][ 0.913545 0.0 -0.406737  0.0 1.0 0.0  0.406737 0.0 0.913545 ]>
                <[vector3_float64][Direction][ 0.913545 0.0 -0.406737 ]>
                <[float64][StepAngle][0.4]>
                <[control_message][OnRotate][]
                    <[string8][Message][Controls.Magnetos1]>
                    <[string8][Qualifiers][step]>
                    <[float64][Value][1.0]>
                >
                <[control_message][OnPush][]
                    <[string8][Message][Controls.Magnetos1]>
                    <[string8][Qualifiers][step]>
                    <[float64][Value][1.0]>
                >
                <[float64][Radius][0.012]>
                <[float64][Length][0.007]>
            >
            <[control_cylinder][StarterButton][]
                <[string8][Type][button]>
                <[vector3_float64][R0][0.6390602 0.2113978 0.4628176]>
                <[matrix3_float64][B0][ 0.913545 0.0 -0.406737  0.0 1.0 0.0  0.406737 0.0 0.913545 ]>
                <[vector3_float64][Direction][ 0.913545 0.0 -0.406737 ]>
                <[control_message][OnPush][]
                    <[string8][Message][Controls.Starter1]>
                    <[string8][Qualifiers][event]>
                    <[float64][Value][1.0]>
                >
                <[float64][Radius][0.006]>
                <[float64][Length][0.004]>
            >
            <[control_cylinder][MasterBattery][]
                <[string8][Type][switch toggle]>
                <[vector3_float64][R0][0.6259302 0.1602378 0.4685]>
                <[matrix3_float64][B0][ 0.913545 0.0 -0.406737  0.0 1.0 0.0  0.406737 0.0 0.913545 ]>
                <[vector3_float64][Direction][ 0.913545 0.0 -0.406737 ]>
                <[float64][StepDistance][0.01]>
                <[control_message][OnStep][]
                    <[string8][Message][Controls.MasterBattery]>
                    <[string8][Qualifiers][step]>
                    <[float64][Value][1.0]>
                >
                <[float64][Radius][0.012]>
                <[float64][Length][0.01]>
            >
            <[control_cylinder][AlternatorSwitch][]
                <[string8][Type][button]>
                <[vector3_float64][R0][0.639 0.126 0.4675]>
                <[matrix3_float64][B0][0.931564 0 -0.363576 0 1 0 0.363576 0 0.931564]>
                <[vector3_float64][Direction][0.931564 0 -0.363576]>
                <[control_message][OnPush][]
                    <[string8][Message][Controls.Alternator]>
                    <[string8][Qualifiers][value]>
                    <[float64][Value][1.0]>
                >
                <[float64][Radius][0.004]>
                <[float64][Length][0.005]>
            >
            <[control_cylinder][AlternatorSwitchLower][]
                <[string8][Type][button]>
                <[vector3_float64][R0][0.63371591 0.1255 0.4470407]>
